2 10 3 0 1 6 8 4 5 9 7 12 13 14 11 15
2 11 3 10 1 9 4 0 6 13 7 8 5 14 15 12
5 1 15 2 0 11 14 7 4 6 3 9 10 13 12 8
5 1 3 14 10 9 8 4 7 0 2 12 11 13 6 15
15 12 0 8 9 4 3 10 5 1 6 11 7 2 13 14
10 2 0 3 1 6 8 4 13 9 7 12 5 14 11 15
11 2 10 3 1 4 9 6 0 13 7 8 5 14 15 12
1 2 15 3 0 11 14 7 4 6 5 8 13 12 10 9
3 12 4 8 5 6 2 10 9 1 0 11 13 15 7 14
1 6 4 8 9 0 3 7 5 15 12 13 11 2 10 14
0 1 3 2 7 6 8 4 5 10 9 11 13 14 12 15
0 2 7 3 1 4 8 5 6 9 11 10 13 14 15 12
4 8 7 5 1 0 2 9 6 10 13 3 11 12 14 15
1 0 15 2 5 11 7 14 4 6 3 8 10 13 12 9
2 4 6 8 5 3 10 12 1 0 9 11 13 14 15 7
7 1 4 0 10 9 2 5 11 6 12 13 14 3 15 8
6 1 2 5 4 8 7 3 10 15 14 0 12 9 11 13
14 9 12 13 1 4 8 10 0 2 15 7 3 11 5 6
12 1 0 3 6 2 13 15 5 4 7 8 10 9 14 11
9 3 4 7 1 5 15 0 12 6 14 10 11 13 2 8
13 3 4 12 1 5 9 15 6 8 2 14 7 11 10 0
5 7 3 12 15 2 14 8 1 10 0 4 13 6 9 11
0 13 2 4 1 14 6 9 15 12 10 3 11 5 8 7
7 1 2 4 5 3 6 11 10 15 0 8 14 12 13 9
11 1 2 3 5 6 4 7 12 9 15 0 13 14 10 8
12 5 13 3 2 10 0 9 7 8 4 11 14 6 15 1
11 6 1 2 3 5 14 15 8 0 10 7 9 13 4 12
8 3 4 6 2 11 1 7 9 12 10 0 13 14 5 15
9 5 7 2 14 3 12 8 1 0 6 11 10 13 15 4
6 0 1 3 5 14 4 9 13 2 8 10 11 12 7 15
15 1 0 2 12 4 3 8 6 5 10 11 14 9 13 7
12 11 0 4 1 2 3 8 5 14 7 6 13 10 15 9
7 1 9 3 5 2 0 4 14 8 12 6 13 10 15 11